11737082
21088086
26961211
17868917
20619179
29303280
29028977
28933177
28542110
8078368
30848739
1667602
32124347
10321009
31504351
1362750
15211878
17468708
33998441
8128827
21172676
2652236
2188317
22718210
6394291
7817549
17215795
15847813
16669925
1730186
15802165
14749949
8372275
3311587
3026760
23857204
1307131
20171541
11307590
8078373
1861271
9809694
8211038
11964917
1430999
1855373
8222569
6386609
11938541
1754734
17146421
15913471
1877180
32143599
10223154
28696635
21140042
9543470
23062094
23155815
12594553
7124859
9360392
4025369
6382979
29303279
17508663
2653800
2496449
27532154
16585087
8493197
2856599
8128205
22563979
8372274
10546478
3765706
17072122
15911453
1990453
32103367
1439460
18867169
8948274
1511559
11431909
25290923
19220337
8568541
2749147
3311583
22771429
18429676
8153944
28327679
8142501
9709883
19645867
3137034
22135973
11889312
2601295
15672850
8689016
6993813
6993804
10954472
7829419
7496362
3116595
856921
21132248
6275975
22350844
320285
832592
8890147
8966367
1582272
236155
4611291
10829882
8372343
3044680
20704025
7002519
7551458
24929595
15078743
4089544
15699902
20593629
12692942
7842786
10226458
7156554
19336954
22908824
2825316
14980270
11447711
11891521
3897096
21675135
2205784
18427241
18398786
15699899
12666009
1036986
10944952
17962878
15274785
2697049
17947872
24006197
8303628
3187395
2201068
8890146
8493198
16263438
7370598
6914223
14894475
20276543
6476598
1792424
14876004
1047055
3821251
14806645
13811891
15815893
3917223
1698210
3074707
15822680
14353593
889014
4025383
30469075
34321415
11875753
8638208
2236821
186398
17044548
7801011
2286406
7481320
8829907
7253753
7134653
16711336
1259612
10220762
14227374
392574
3186320
434644
4014285
3516931
2519759
13530233
21955974
9254169
13358319
882509
4400559
7010293
8927954
9567255
3974057
13405766
3565954
15503681
14406381
13107256
14784000
7355302
13983201
3897095
13331767
13133513
15437367
6557039
4922
13814013
13084324
14881759
1924018
1105492
8497144
17523490
7140207
6529029
2678689
8193241
3871965
19455984
8169864
7941082
3120269
17926495
795142
2112237
10396084
1440260
359845
7345528
2312172
14900549
5386130
18900666
2154431
3652708
7030275
4067742
13166477
2699933
6767430
4288546
24006771
6623219
3037901
3692603
14087436
1608606
7008428
6271448
4021634
13073669
2799521
1895782
5129435
8244491
5713916
5713915
11222171
7134526
4777091
6738207
7331449
5710948
7461638
20281988
5767797
3929358
6903242
24540143
5646828
5646827
14885630
16279509
524764
6611571
1226154
1326110
4390584
3671863
828482
19275056
3001917
1628724
4028980
8326968
4397062
14268120
13714842
13658570
14796089
18876018
13427605
7355303
842043
6565935
14956980
12647499
7456911
3200000
3242560
9340067
7355299
8245813
2339560
8480087
3604507
4343775
694473
6829201
5622939
13299609
7345527
5828336
9026804
9280934
276901
2960106
1200322
13473326
1327212
4752208
13131907
13157292
13058435
9752781
3388282
6918746
5726101
13702364
13120325
14891340
20281075
20346284
8202854
6546007
3630120
14199665
7155718
452460
13246901
533983
21019558
7089331
1943293
450590
14859775
5459613
14476511
3798670
6719363
7417018
18326216
3774787
15174322
2235793
18488485
2747664
1088770
5143024
18123935
4847292
2111621
13002775
3615308
1966186
2518253
5602652
10533022
3614916
7147048
1194222
14421891
13120264
425379
3243603
4662444
13286922
2077276
5739315
13014352
13530239
6519791
13155934
8846384
7413336
4662717
1025576
1461896
3396672
3003894
13821127
13064022
24542368
13001377
14785450
1788822
3388263
919928
4439698
7998321
20984754
3439047
6674352
13468290
7071399
6611002
14035516
14892678
1228611
14951180
20239240
403583
2938873
1175999
860251
2222219
1228936
4671417
14928253
8072334
1026836
2292893
601275
13027951
8202853
2829300
11767496
726652
3307240
8378975
5516895
14783356
21005341
6890864
4727163
1743525
13196019
4216551
2367992
425382
6194362
5495036
4771672
12976743
6602936
1136236
14940522
7063948
636337
21011262
716197
3797190
8677643
4681676
9695566
5668338
4465163
878417
3419236
7401474
13028370
1023393
14925237
7015297
6472999
7431751
13124928
4659711
1013889
7244007
6515080
4237596
4783245
7063981
3110767
483661
595572
7423893
16308213
32639585
8452980
21111271
26498896
3112753
471855
13024905
191900
16395119
1398735
26224210
14299498
3321267
6495213
13788069
24325118
690752
13850479
7014124
4482494
14811379
6633021
21889014
5404088
6180238
860446
2736383
8388105
2656052
2515602
155211
20573146
3909641
4651754
4388922
7784323
7303596
24864169
8324023
34504246
11641525
8407696
572425
1536052
8181342
8610349
11412696
3399836
2748218
5316726
5151437
9363056
12038669
839349
877719
23866508
7088717
19944878
2367988
15109472
7101869
1478027
7089328
2942104
4810255
13926348
1408586
4573876
21022996
13308266
15651162
27960206
1594863
2739613
1748070
6278566
9543472
13862632
2083965
16607488
33236693
8772090
21605476
919630
3629919
4398908
716196
24864174
7245729
2990015
7100110
3227668
7264406
13732504
16085210
4132588
8022990
25579777
13488900
5212176
22576432
13214822
685617
3025267
1100793
13820270
2781471
29303276
7121105
15345233
4786056
749489
1640029
18556870
2142524
13166478
12013330
3423443
5661778
13870297
17426945
13781727
14917042
1441381
10782708
33172398
4688520
2518488
7289833
1855369
1223357
14183280
17682478
4385142
11395620
9933325
7314031
21721597
18090375
6943261
20827639
450593
854456
14658923
3365083
10378132
15826397
2516107
772636
5129434
21069252
1788010
3590702
134368
194137
4822188
6699126
14714100
1615457
13013046
7609419
8127831
11942165
18455028
18919154
13751729
4566920
425019
4755062
8231401
13024911
3897100
6194607
795375
13719637
17137739
6113635
594969
26298040
18032830
12643233
8212098
5334776
5120852
7785198
10091036
5129442
4655299
5106795
30844921
22670298
368330
28745918
7855490
333220
13835309
29221755
7224204
3696895
1869812
2378664
5771326
6698403
13738901
33025455
8997956
6985330
6001025
28726625
10822878
11126100
7466430
20615741
13881936
10535263
3311590
4580423
29956050
6880164
7870317
1440272
3810048
2187678
14084477
20014950
26654560
5212533
6605713
23935172
10575951
6663955
10223091
3062725
1748514
13987889
3341620
17534977
3883718
10777227
3261889
15526736
20499089
7335547
10783038
33110587
3601528
28933178
13794563
15368729
11573325
14338799
1948346
7072254
13796053
14896054
4002155
14085693
9780423
4397022
2694235
23214009
10448994
26609044
13039109
25408724
5193802
4369476
16263435
1597197
8504354
5159449
13020953
3065692
3713323
465144
4990227
2728507
8478091
425024
5559738
4375102
9193855
15818184
4354427
18921713
13078135
13127717
2315905
8278678
2041399
16457334
5349714
1927040
8222795
4603109
10868716
23834931
22664222
18459889
27317793
6611004
31284036
10890088
32725598
27917707
3895549
1908605
1095280
28525234
27031203
5103752
2812880
31267272
7415436
6516307
516645
4861559
12361446
8883178
13220153
8399935
5478461
23503625
16462295
3702535
3397528
10516903
13283530
4835590
14558263
19034459
13564032
3287526
24217628
7383758
8478302
17879862
7434717
24750839
5005363
9508262
23178082
16316495
6884448
1955694
4147551
15163237
4073097
4682716
29208015
4397443
2356552
1955696
2772465
13235195
13060089
24238525
1162140
30341022
18018632
2171469
13128014
20353842
8747775
329196
22344349
1005941
27339583
9193852
4367466
9016373
19292931
2731605
21006813
6429376
867965
6349962
33445939
26785088
7532494
9018359
5176256
8222568
8178497
8078377
20623362
6817564
13688153
7024630
5333409
1797886
9120323
6739784
13592742
18914591
16134374
20983738
15182208
7855652
26974302
653442
1918221
13704026
3672769
2050423
31588085
2265514
4486577
6710855
6998113
11588956
15449791
4840699
4915072
32461392
5935308
4148638
3819456
1862993
17414126
22805282
9779387
25524126
11493414
12434675
23125170
17252727
594968
4880900
33135937
8290521
3490060
8820615
11152012
20605269
13616075
14020096
13926342
2685983
17602349
450289
33512346
8360519
15086042
1934953
6257108
24169282
6993805
1928225
425027
6044351
7402107
622014
21172677
14426864
9849979
8740101
5631683
30390754
2514160
10695294
2090471
8078378
10480011
30075013
13797384
8033877
425380
32554879
24706703
13673528
3729174
14398897
299332
7226908
7415438
6996258
31761885
1875748
5768730
6066207
10202227
18214125
9596294
1431388
2191275
3576272
1735270
234315
14558262
23554109
10959737
13913725
23910720
6338342
8967307
5710302
14928447
16215363
2085863
16127591
10391404
8202855
7447365
1353558
5747028
6080457
16304887
6473000
9091117
29043423
3062329
3473317
303738
282500
12978311
8266206
22135968
5582847
4575723
5098848
4663607
16889222
10234764
24056602
20955369
11345862
936589
7239311
3041517
1759010
8791258
4148453
16553566
7769221
13721268
30955516
13722788
1458855
13111614
21515486
762794
2238498
21132247
5952772
4774752
17414123
20984921
29935859
18314782
4188382
13949063
25879996
7841101
13787750
9695567
2491522
15246516
18382741
4147709
1277261
16263437
30723734
27506562
10410541
17233386
7423231
6155526
1565823
6372480
11140079
21254584
16363769
3965559
9079255
10332593
18406980
18365592
12184969
16296528
24563274
20437005
3394793
12410480
11049791
4745244
9228482
4149040
16924802
22935863
14775213
8320755
5480046
12715312
2896717
10199035
367993
4045084
16363726
5859953
2042158
4768248
4148454
634653
1731595
1589717
2343120
11518106
24825803
5029254
15182283
7471838
11058205
505143
5143026
8432152
14558265
1179889
451894
3516364
19072181
15194841
4655243
1287613
10530573
29937237
8790080
2662346
8488331
13806451
4340645
3651306
10999868
5712215
751115
7444635
6090380
5938039
8317959
22135972
4722290
8429696
22059187
25772704
13506
305502
20383524
2629275
7290693
377248
685593
28477639
8183863
14407514
3484420
8066006
3326740
30860202
26059615
2103800
27019912
6178873
18916049
8020088
7831539
14398896
4177888
13676292
1914547
8708462
14053697
32598661
29661670
6389948
19619999
3045348
17598459
4659221
6983795
1273524
10944814
15476112
32947360
18492530
12579460
4751440
8882544
22691449
11981307
7831538
8539197
13094738
11964921
2495944
10223156
10223157
32281523
7981526
4445502
21209964
7124763
9922412
23013002
2079558
6730192
24050082
12528018
434629
27415601
6986659
7032279
3770162
3704399
6280600
2467606
2372005
694472
3100694
22008820
19664529
7768088
3341619
10954436
25123007
1729070
11254821
2441347
3150415
13280521
3372752
425029
4395234
17019955
8776779
30869496
432559
32972146
3525966
6862275
11283803
6372479
6551354
20347742
3282285
27907156
12516112
5953117
28922613
13258954
12740268
9250232
5873539
13427852
13954196
7033120
5536528
3655101
6606911
17882809
7380680
8592907
17944278
30381546
16341681
28494709
25245655
1777177
1643926
15884747
5206794
9934546
410161
9543764
997124
2235794
7714062
10984198
4839185
24120103
24200759
4018066
13995832
14906472
3810100
27392317
9036304
14887757
16231169
10232564
5527495
4149340
7031515
4316790
11791627
8130380
15911451
6147602
9463788
10391410
23370738
2848224
14492218
14041426
28671150
11446936
2696241
1955701
15516672
24685965
2587895
8090147
8711237
425023
8286635
10798161
8506900
16163415
32696465
28681972
1190619
15421533
18896225
23772154
13896513
20278482
8234732
8432124
30469161
32072494
1735272
5710166
2691969
21752319
3564780
14298161
18731301
13942273
2019757
7717562
11695086
6755984
2726360
33257537
3907111
18986276
20997241
15653779
24845151
8584866
23336167
8176283
3788355
25882347
4384191
13633405
7746911
1905145
1625394
434638
14148511
31666128
14491223
13872733
25576460
591010
1989793
824990
28668570
12527619
2071789
6986660
3647205
534329
4756013
10410203
6199156
17583619
14791177
4054058
20171545
11060562
3093224
3761417
29043417
2747072
6463732
4154077
20564921
14475137
234631
27346336
6961878
3100701
8028636
882485
7133499
19709820
16422551
4943331
6747977
8978163
8884996
14035495
2882116
4705045
19001672
239258
18131770
23305778
695380
2029564
20024881
7671572
29269189
4790584
15436293
8444202
1023405
13418113
20290016
1839789
14103924
11348972
4153448
4055045
17155996
3383633
4145027
2501846
5308347
7551387
14727547
6818690
2003208
7402742
16263436
6537638
6381413
770256
10783017
13612427
13062488
21092629
18095624
32186784
14284973
2081178
3423444
8128398
4048754
1391015
9097375
3998915
27401621
2087652
2063335
19759475
9736104
5480251
8739487
8290757
32314307
8761613
6623174
4212141
6647444
28477638
2827279
7330304
5631906
20289819
3061163
3296751
441811
4295592
14834378
34376156
2120684
1465584
13478583
4787485
2264754
13954332
8228708
6719228
5974319
9494674
27960208
14773708
16518554
17356093
4969674
4343449
3533779
15060215
7227231
7211899
7844077
18884821
8143658
3807447
425033
8155750
24561835
3516102
15713981
10223164
9035712
17100378
28619154
15103901
1555415
32161968
5127243
366298
6156308
12572086
434631
11040150
24033938
6996554
425031
2369754
14825052
1585029
11209555
21003015
2896980
28814258
14906842
9271902
3442012
4262589
20987431
6371723
14198267
8465027
7113174
6742277
5859452
7752730
11888355
672911
15311707
14805809
14458721
24542392
26305429
13694159
11680107
8027595
3907776
867925
2094671
5872809
6349446
6259377
4694545
6610895
7934232
18655278
3298828
4080473
17298459
6986661
33611243
471658
3400180
726241
15735422
8453184
13973802
18702
21864700
6767579
20987052
8306765
1824407
425028
4755987
6333763
14808962
15893245
21003017
14271200
14476984
4553019
7374584
13160129
32539304
2629273
20294860
7399305
17588246
29664659
8310786
17918018
27437639
14382347
11225313
7065510
1636974
21482567
1983487
5775068
4386713
14708272
7262611
15546111
7955954
1098534
15360097
20973617
3608590
13479890
457187
11001128
32222707
29262797
6349779
26635002
2882091
6786724
12656555
21462823
27755118
1906790
120616
6767948
5611321
14870864
19732389
18376347
3622015
16100290
14758123
15823187
14064932
4549105
18070131
589891
6974996
3963640
18833653
7222699
32090674
2498092
15247911
14629909
9793046
19809053
5305823
22883249
23394038
20562627
23210290
14476982
14955597
31851288
13603738
33006878
17952428
7532496
25347986
10509069
8243486
1714696
10900729
16290014
21466255
18998814
16356206
4031512
17028212
28139879
496474
13709557
30929217
32805298
853569
5856093
25444795
19928419
8912764
8492971
2425138
25285969
12831433
6634651
14836420
13457737
22716171
9157456
951094
15364677
18124093
6349427
5869259
7226957
3736224
33982098
14027925
14831419
2285191
21469047
14402104
17207034
11040149
6975536
28182741
22306639
16388434
4056434
14960971
2074366
6414354
18406582
22802469
16097383
458035
25932453
955706
1951390
6545590
21507315
955703
24455733
3025534
22417886
6243806
301574
27771667
358180
7768085
15614461
6886778
15407135
27498601
5926744
5729921
32275058
30548648
12611238
9779379
9240708
10649665
11555535
18695270
5873558
13144810
5309129
10423952
9543475
20865563
16837158
1790057
4180500
8964681
21524742
15481271
5088316
401853
9412402
7667713
8721068
6903236
5991258
32390150
28471864
458085
17982719
6155004
10983927
9799134
13244811
5129638
5096000
15078002
909841
3317492
29276901
6456894
25056072
13512551
8393983
26696249
6968998
6442932
21458975
14226948
650
2393043
2545014
13707157
17548024
18863718
4155551
1482
15360096
6334843
7415722
20970576
9054031
1602260
18804355
3495449
22783679
13289163
21648118
458738
7101156
15416910
20254169
11803504
4537790
26677751
24532008
6485667
15053375
8711653
14384416
16716576
10218366
32172537
3321270
11871806
25957460
806611
13880016
5617168
13775996
14841014
8883171
3137033
26379000
577971
6878782
2681845
18905269
6293351
11586002
19821750
13795557
13600547
11393141
8783693
3685673
1933623
2689107
18872053
24970703
13491107
3311591
24993132
13994633
25060939
5480048
18636126
8396088
6766568
4786378
8584533
30672787
29692381
3337917
5897955
19238436
19018021
9280238
14487112
5154907
14725072
13832557
1522335
12722276
4655475
1439322
32701869
22403237
27191017
23239436
18513407
6560858
14239223
6987950
7667709
1843000
411271
8218819
168487
18844692
9097380
11014469
11262257
22715555
34515364
4981080
10819340
1440269
23484422
14003806
8515105
4766671
25882640
19302698
6972629
18266831
33149220
24450123
27683129
15071368
18122231
7768086
3074077
23783373
33412618
9432641
20837633
10374247
29690685
19330771
3600471
10160469
16422179
30526505
2023410
2428292
19276811
4547395
2095275
14255328
3041515
24781376
17548187
30733859
433213
13692355
11910135
1942196
28991554
17606521
1412305
1160971
2836098
4390935
7718203
4410966
31701779
5903474
13021234
10048679
792
14481336
5143025
33045476
25033402
29932038
24044421
14989822
17927938
17628200
2169505
31560506
666528
7208173
3687105
13425401
473749
14455756
32759429
14621594
18317821
6778801
27582630
1724642
5233777
4133672
31585476
13166493
10459281
22507158
19903260
2218424
23286738
21055271
604824
9733380
24546510
22729155
7103304
11472661
13253627
5494683
32852419
807105
8434247
6705595
11963722
12439797
16388430
1440270
8708064
6679145
33302145
3115004
23342583
8584525
12182396
15056245
4358712
22718208
9397368
23582727
2727627
1022026
17092678
9577446
25219424
32831336
969788
4000751
12925105
9410082
1423131
6660375
15555826
3589102
6961713
7768084
13224287
13176993
12236437
4082826
20185548
28371525
2804947
578782
14899987
2490446
3204954
13266473
3914014
20276727
13977678
7571578
372943
18416112
32385059
5747567
6204117
11683801
22537471
30089291
25190745
23930819
4201065
9461730
30541996
21488749
16421723
23416657
9045374
5960634
3080738
21061035
12950038
7456160
7816990
6133475
516381
8640004
13972067
31414641
16138795
2518972
236486
16997592
25596200
159407
9586290
18201146
6965334
11254518
9261856
5328462
33350605
16104250
7385765
12722268
7710453
15839820
7712575
19888052
12792160
25267596
4193425
12877634
28166256
34481646
11399696
7770799
25194532
2195810
18606773
14075353
876649
4642507
5606075
21751630
4569042
17606180
12692948
26864426
2084913
23481110
31982627
1773268
7567645
6129399
6838027
926608
984030
2930067
442631
8977602
7432927
24638939
16296086
7718642
6938128
452781
22386326
10984326
2287896
7940425
10879647
10087589
745360
16158887
10516905
14447139
21335251
6971206
23349450
10223090
30418003
7413334
5906045
20586563
18154187
10602808
25601120
14643533
33530280
16758041
15272984
30676341
2270414
29538078
1437131
5861960
2055052
33910509
3899002
14985649
955704
1572494
11674968
11561570
3100227
13860276
1580592
539077
2074365
7929764
29370285
15866141
4597484
1085398
32391657
21000423
32283281
31843272
11151330
1907690
15489344
7712269
11927745
4938756
14258213
26720793
6928212
18879758
20686433
4150741
8372276
23702174
18076723
244901
6998163
7663614
21006188
18568283
9846149
22170974
26897148
29698412
14571288
4791462
1861853
5639687
23210286
9803337
4595675
2689257
5420811
1107937
2270339
17276779
31851883
26466838
6297021
3576681
22801206
8291754
33545786
17554569
653593
10476753
11910725
13177428
14899984
556264
1890183
7445355
15373084
20648670
17852937
27832057
32340078
14948290
23474176
15818183
19772545
16630382
7425883
14273311
22340972
425025
3200707
9353456
4144492
181833
11535259
11870440
13603669
783047
14532208
33637072
10900859
1169802
33858884
8883170
1437130
13618737
1981403
261255
6192493
20889469
28192581
4991213
23637040
6560159
24995803
11214557
14991524
8474938
29447989
11284942
8193620
8435028
21008624
26531307
30204
8331841
1362112
6998436
1179170
3450415
10608176
17634704
16294179
3870990
13899648
10920320
11964918
8831194
6914221
10077904
14720004
20844590
28385613
2103797
1802444
28763551
9007792
1928180
5108082
17414124
1207126
19623657
17955402
9524853
11861211
6925904
4151656
2134147
7571579
6800435
6398866
19628176
7930788
3074706
12426243
6656117
3626670
2398720
32178759
17219492
988873
6013871
8108169
13725940
13407992
8408934
20536058
22932165
11980285
27636932
2971191
11994552
12712511
28719310
1007187
23206723
15227857
3824036
18932033
12766726
8061153
14034178
25666151
4537452
5756367
2496450
5203544
18190309
4685095
534328
24629128
21047025
2764313
8907
4004494
4729655
32804461
20704066
2693443
7560469
14480984
3074074
3335137
10351932
21110486
21941216
11997310
25693612
33998158
10095919
2089835
33335713
1332171
31443650
5433930
29764747
16438155
29605556
882103
7222190
24938861
32487034
13677877
18917095
16765302
2725131
5159917
15068198
6038758
11594175
4867003
25016709
11321779
16385374
12139864
2815616
13836502
25536827
955707
8723461
6553531
24779155
27301332
8504692
6787820
17455624
867924
17207061
6769422
5146133
31631032
1907034
3660885
8101405
860265
26812125
11550505
7463492
17214208
11334126
8407697
9190664
19258921
22150886
1858416
1855367
15301835
27297319
18835120
16740444
32564347
16638292
13949022
1563764
15274866
13004243
188160
3321271
3987381
23299066
17125664
1924017
11979130
29021461
27883412
368507
6739336
18127824
2166456
2077268
672312
2214752
7229234
27428647
15961932
12371063
16163419
26255889
3291418
7207084
23632328
4399404
22675773
11950118
11011820
16963687
21162844
1571425
8539198
3196056
11126096
462135
18622109
1953237
9158749
3287363
4126968
6351783
16009257
8539078
4070476
26936614
6333374
5727602
5902381
16552216
862256
7547163
6355684
28914846
3138368
1971627
15802176
3765271
23564592
12458801
5873465
7617319
17037403
7416624
14246983
8883175
13394112
11605205
24081607
6401074
14258349
1564436
22248977
15737368
12734448
2179804
6382822
22692577
8539201
758528
2071878
247391
23394034
4868
30922183
17990593
42848
9090543
8186905
19514066
10423947
11597716
8909834
3212556
24791253
12486620
33188161
30390745
3469163
2503860
33980654
12972448
31712120
3486480
1437132
8553096
2382902
6019959
10987699
16362309
5902687
2760381
1626775
11493128
18582147
5431277
34479483
4384784
10791130
1121782
21003019
18433531
32448200
8266214
1794244
34433714
21268957
21460288
10761500
11334397
1013781
6837403
259524
17235643
2128219
3634708
9360255
7001088
22388582
13825007
15653986
11862721
21000289
21316547
22805154
3706897
20364567
18309852
3917169
29528891
10855018
14890827
7352798
8762275
11412531
22184919
14279842
8078366
4444249
18108303
4518300
9503116
1955697
3855091
9788476
16758947
13748295
13545812
2783717
16171106
20426933
19818051
21396742
9448981
14264451
3737868
12466582
32943429
25264163
23962481
24957840
9640771
8051280
8248741
28178776
5456236
25664503
19871576
14723804
25988545
13718268
5334595
23073648
10689409
3911879
1954266
15957685
12451736
4129913
3107228
393786
30625278
15188068
7834604
3836780
11755440
12101732
33091392
3096644
10225256
22322037
2617633
22830356
8466131
8233176
9448983
11310383
18915669
20186455
6234704
1498167
3018903
31530014
18978148
26777263
14707245
18680641
34477157
4047960
24387877
955695
10798154
5280220
45277
18641104
29153416
17516873
7054055
26613689
4382628
19368345
6370562
119951
17074851
30893107
9543471
15442421
13760002
8731572
1743098
8078369
7916369
13326392
13033943
7937659
9654310
18424315
3991346
8218684
9082501
8881304
596029
9543476
2596043
12647477
32191974
17506177
4014286
15788823
3532084
3420994
10364749
28688757
1750265
16163032
14032450
29603035
21545370
8536440
1852042
5377936
22233304
11398686
33482238
3979135
619715
8644870
11472636
21003016
3704319
1814189
7591823
8143665
7211900
3200708
19117244
24310663
1431376
4949831
34753544
673808
2490713
5883484
13916387
14720021
8417885
9614719
10561756
5092443
32731725
21387554
3200706
18108551
2496312
10987698
539406
7203137
23394033
8508840
11296184
12506595
31170776
20625346
27011331
7720835
13754348
20388763
17684629
2335951
13811710
2501957
33207229
2103802
21173674
1096251
11680106
9157422
2093118
6431949
6224085
10535183
1307548
26578358
3694697
22366994
4384558
10491446
5342854
2219239
12638359
15860180
3576035
14950276
24007923
11555495
23250034
19128691
6770275
24538932
6442661
6610355
8888796
9407483
13916889
8711652
2692153
28844414
14805346
1955695
3493260
28900048
27935926
2143646
3321272
1470703
14845517
14791240
14917019
20297361
4014288
3497943
4022048
17684211
14929843
14800446
8958736
20557231
13286853
28198756
10666892
1261925
31832996
6343987
24319959
18219132
2614092
9193853
6915590
24085792
504047
15891319
11712358
30168689
10064235
7794498
12774474
18756190
14795988
19809078
6909070
19895436
31077143
5144485
21734569
29868515
32568052
1804592
6646096
14823252
13888092
5629279
33903164
13158982
13756133
1822162
542445
14884926
11004983
16163422
29987137
7094110
18662107
8228356
3266552
14808853
27893691
14792059
6122014
1875108
15553257
19497769
24330267
24462437
15243662
33678191
10987697
14820375
8883173
34167353
2689415
84733
11838187
33221738
18132511
8429699
1739782
31852459
30337417
27773623
19944879
7034641
11392042
5600492
2501465
31668192
22852502
12390408
10654971
3290782
23960446
21016389
33442941
10223160
9377613
11368117
3874504
7208397
26363857
3041513
7073113
31345638
6618181
4658925
20512095
26576915
12441859
1146780
1305920
9686677
2759923
11520706
2075041
19284161
2112910
9273398
2733369
14813047
26922693
9675515
30087173
30077545
4050840
13979341
10665557
23824899
13179890
3237524
16382752
7701165
3647249
5775750
18082052
26054782
5961220
33420557
8685134
22668588
2780471
13940636
1304646
1333737
23675715
5159922
1636971
5950671
31122051
7822986
323374
22300179
996614
28614140
1861274
1884650
1441412
10756150
2689757
17112878
5286914
4391009
18835762
19871577
6248696
7703168
3854152
6998686
34674642
3837724
12466136
20605087
12652453
19568449
4776687
528696
28218726
8472086
33772486
21977599
3720580
29806610
7182931
12837872
4577353
14874348
3818919
8168019
11980455
7074264
14880849
3191780
17278384
1745154
2101958
18614663
7840469
6004346
6647749
16778466
22413213
28102626
6627963
4543261
4200898
3642132
15293075
14308914
1853588
31453804
5359340
20171546
22267760
3044728
452524
164723
16611535
20979628
18779188
10482053
3717191
2270411
2226163
19145219
32727174
22166529
3563927
21623086
24702978
14790451
533230
12747660
31466400
14880344
14582437
32123903
6393829
16379228
4200525
12024096
16117975
18833654
6668801
13949064
33394726
11083685
28129377
29497602
17673974
1671999
3388717
2429402
14618983
1714701
5928562
10491457
431170
25578884
10202226
7725685
5299098
14610659
5692927
12043253
6906967
19239572
15190985
8309859
7415437
15938542
6900075
14898862
1395798
5767422
2800499
3287748
1345275
14811837
21799085
16450749
14080223
14860615
5368476
15177852
10778621
15164605
31665249
7455223
13226657
16938644
19638659
16340325
9057377
3486527
15141651
2054709
18937618
8352396
30858412
11508242
1345274
4541457
2646077
3293008
28735461
14804101
26634375
7052406
23163177
19565126
14054900
24351801
7454120
12708247
10798156
21242952
25804783
16003053
636349
11792250
9132613
14781095
33393515
3942151
528761
14869791
19871575
22343425
12982141
2813315
3826128
29396
8577521
1665167
18361312
24461751
3714636
2093969
32624700
22181573
17847996
13941158
14827247
14792060
21856701
15385752
14823493
20610514
24385292
3082582
30900275
13021464
2209742
7145563
4446460
25129577
3495833
3681786
11098263
2496986
446153
5526758
20682202
16613045
397408
14811728
8079041
7271158
29334446
12924270
22908825
2562307
4865842
3809699
32938495
22467515
18899236
18915363
24867789
7141228
72703
9450716
7003751
3311544
14875391
4669169
5049630
6602620
10611837
6911649
23765154
16854336
11980159
20203464
27568994
19178613
20889457
9044645
3722682
14919858
7036607
8256190
31826530
4149468
5046202
26495704
8178792
12126028
12839360
16257952
9880823
14394842
7734497
2806580
22118940
3659316
9515891
2631144
32990216
22675771
9989294
4572079
14905515
23761506
14934308
9254171
5461586
9209601
19253507
15770027
11222174
6643381
32301020
27726814
11512500
6698426
18787737
30822543
31380301
13355364
3145891
27421128
4662452
26747825
5445288
16117950
32474590
16451727
3617587
10084453
18318253
510645
29595632
717316
10916413
62121
5453106
8155749
22135969
19805767
8788736
31335475
14922378
19898569
19755923
7974671
21878872
34098237
3963997
1473189
26787045
9177661
3517788
8392527
8806201
8714250
7327708
30894070
4486504
28474099
32060619
14879100
10384776
3691827
565976
7248880
386143
13890093
4734344
16470249
13003342
25337751
8539212
2185528
31045904
31408445
1402109
13999244
8760681
8902426
33027229
3227007
4384776
27269963
7148602
32888730
7046125
1064814
13936830
4408936
9762625
22838220
22192786
12843123
678812
11320906
1861273
22135975
15166851
10966308
3758051
31430770
19901523
18909662
9846207
18456105
555632
13943548
3261005
6480543
12684305
16363741
16184877
5949005
22321136
17920819
7822990
23436660
13022320
23817828
6762785
23327148
24614242
14799494
17468656
3287715
6059585
20255801
28008989
1027699
17290886
29543040
1862280
3433634
32331560
3356539
20049390
1410955
20810867
17658399
33059360
20029259
8480089
6008690
6105482
22545488
32379193
12587618
7405910
10748950
29864383
5136044
14905680
8817190
14880355
3137169
3631124
4153622
34277466
1745250
14905516
156280
2775048
28871587
2209049
15181300
2364709
14094664
12606739
7831541
12096495
16432594
18295683
2791899
25164409
33280331
17032919
1345276
6363733
18228947
12168605
1601376
6354025
4593191
12693281
32497137
21024568
7918708
14961143
22172268
9536734
13732099
7845751
19088511
10723463
14879616
34483030
18450836
9779036
19871676
2208214
4432033
2627994
13861086
9564457
28575370
8131545
8098497
42881
7779670
1756892
16697138
32687009
23597522
10458037
6384945
7581759
13103690
12539761
23749855
7030598
12603991
17302672
1044002
516701
16363736
7834704
20814127
32703757
6560158
14584744
1013886
15112410
25842587
16553053
3644105
1196757
5206686
10914447
12715446
23697874
684666
3879243
13692352
20737783
16313544
22932164
24127502
16801748
14087478
8553265
3698554
12975967
9493801
5166489
459086
2718963
28221171
15872134
13003679
12688019
14899945
7245388
18107943
3907778
31155413
11716631
18595907
2007649
14558264
1294674
18166591
14053698
3747275
759710
1926023
20469622
12365599
17369969
1656522
8590513
533119
3960838
5167763
16586267
2320369
7768087
15714398
3974062
3298722
6080958
24496371
14601717
3233982
13281628
3765975
3326432
16363725
32271373
13185937
17494169
3612389
11190353
3576999
4006422
33939012
15482145
24267769
1014225
4763669
10728733
28575353
7982348
748605
318238
2103799
3681204
7063982
22420190
4733139
20265291
12797342
7074673
5387896
5989086
31865723
9482293
601554
32873404
21358222
6484742
2109871
11562320
9643136
5425451
14824661
14064934
20279320
6013788
28575359
11864529
24629387
16021232
4096137
14218794
10150337
13717944
13881590
7916747
20715415
4203124
2356449
26988110
3550955
1513624
1117670
30390755
1554853
11042707
810705
26084074
13588065
8239186
22489145
1990154
5654564
8506572
712093
877813
2093973
12945551
9811187
15715989
9695468
6920822
19099692
5258081
4375228
7695466
6736823
9448982
3642131
24834476
28539503
25723603
11588954
11412520
14989723
113988
10315738
1580272
991790
8967870
30301242
9167096
21004497
967822
32535654
18602805
17129488
32068574
9870493
17077915
2367498
17041138
33161739
29027126
17634897
34565116
16913899
10691194
8912572
4152800
132714
5289451
27040534
22758902
7070139
8017037
3729239
23113375
31959463
12517911
2716250
9257392
3651304
30082877
3406788
33653935
10410228
7477199
1783075
6903401
1677779
505825
2367437
20700878
14880228
13835718
33330898
8441073
1741558
8714255
523226
4799971
5634112
24824237
3760267
14862291
20844396
10095834
4916271
12528066
25440914
5728707
3685672
6758293
5377939
967593
7350682
25919730
10932617
9206094
14936926
3187685
18835701
32591998
25355769
2210394
334114
26339883
5712195
8038304
4183333
18262027
16696530
1857090
164728
13567377
1441469
1144267
30109945
34564297
15050946
15291049
8717299
11725409
14845621
9605015
24621685
11052420
25876293
10614951
4662445
14953826
14989722
4094599
14287484
32124348
2209058
2739633
4662512
11259234
15731842
12012584
8958873
28449653
17907893
19052015
2102533
17492234
18581017
3603397
8723293
9280932
3859235
13767007
22675776
30274927
32478446
24354726
3008411
9255891
19871675
4606967
10509067
7701077
6474880
6702124
6801471
7110803
15008209
17671056
14129062
15292846
32970790
1396727
2403178
24527833
31422032
12576779
13268107
8117867
7571693
7081877
122260
1315207
6636886
19124781
13762674
25798907
5724216
25148423
32682702
14863273
26204800
2493533
18644109
25693633
3298721
16544240
3337414
1365576
10326939
19927041
8178498
13882873
7090097
7381014
5603451
11978922
17881881
2305825
7179884
32614722
2003054
28575361
29773263
18489
3731228
22291107
2200488
10201186
28302172
8313248
8631239
5737387
5354299
16395058
121783
8404124
11556595
29849498
881905
10391405
14069976
28740377
6097122
33408280
13918482
27039458
9097373
10093606
15878436
19998043
12654795
24100818
20171540
26153383
10780770
9269610
1862287
3919626
2621030
14748466
7393681
18545727
10442390
4588710
5132252
30425971
28763150
14352942
12856747
28759466
20264400
5591546
13707781
18109605
16194508
14899840
12587620
12463313
31832641
14989734
17907044
10798157
17098074
6517091
33739049
33112961
14558261
1004934
18775263
18937751
3819455
5063299
33169830
28002852
7494845
25104591
3956144
22321137
6140729
5381142
7365185
5271049
13832334
17582982
22291108
5747246
5092109
23381713
1899819
5625715
5829545
10339907
2149450
22135967
4755476
10835852
31110214
3058341
13633384
1802437
17080386
8125350
11918388
19621508
26412506
19871674
33861398
4002154
8177640
33407509
13168412
13733398
18110721
9872193
28343909
27120360
13344364
2063332
3128562
33692069
6243022
34394226
834694
15404236
13603727
10689892
5392401
31615438
2243034
2046419
982215
13704737
1135212
11810607
22403226
1475945
28797490
14989725
4408502
4280864
25775050
20278399
3454553
7796478
4577350
10966244
22423129
11370659
21025976
6719343
1753538
13859597
3193561
5162272
16463252
1749877
12672875
4786903
31591066
693332
736056
20983641
3114510
28936949
28159155
13715407
5981495
18123392
879474
13232090
16363740
23624834
15438567
8890148
32379883
13555156
13039137
22487107
6523359
6615140
17933256
27569107
7494576
19813175
20987498
9055401
3143206
27999274
23092559
11221517
8685159
4395351
29155867
32764056
6340907
30975681
19075343
31168877
26875454
25162293
6799587
15554304
3547340
33529115
15618788
18141959
4859781
21434566
3487130
16893350
11832532
33888246
11586637
22489080
1715143
31863551
1797646
2103804
6241363
16507497
14920323
9039234
14911390
2245613
7345450
20156322
14731368
13356731
28943541
3532942
28575369
22920467
6709456
4949629
27686179
13365309
26599568
18028570
4759371
6556319
10798147
16296261
11151327
3314108
14478126
4587051
13076047
23268613
16366348
6118639
11838570
2019530
31215358
12015465
19102847
13012967
21181641
5516944
12205408
3547289
4722793
30226158
14891013
19755196
18661037
14776785
6644935
30690452
24878902
3764351
4835740
15363144
19564494
14787651
11980608
14710424
2370776
21311332
21319347
15802173
23318400
11502489
19941090
6278633
13652273
1404935
29480879
8020263
3988594
4632225
20620690
14202919
5434542
4776708
30191817
13928898
5417250
20937172
7241615
8097852
32150005
9270712
9504579
1004342
17609060
14779460
14922884
12793623
24994763
10194173
10516906
13965532
6504018
6172607
17051487
25696951
7647416
14957223
9636355
28828947
13022879
13652272
27276986
2821472
10559067
14203470
4936454
7609410
7516135
1803594
7054772
7257127
19490490
14820376
1853163
1898949
15710961
425385
9312456
23422417
7719112
1555417
3107790
9410725
10516899
12762362
15553253
23331456
14779462
30031912
24136784
9543478
21256086
7072112
13652271
7597669
28062246
8415335
7455358
10663276
24406221
17209204
4384417
7333864
5706355
7093140
7551244
23469533
1175415
5821668
7098188
5143023
21316545
2183454
9515892
9661941
21507307
27424825
11692744
7631518
119195
23258583
6792484
4079159
262912
9558615
32173883
9858958
6379461
32853024
12965910
12733540
14799913
898642
2063022
2245665
23163188
13001672
30763196
24534005
28686393
7603754
12473435
9760801
2075038
3286176
23155822
33037694
23597549
5805272
21004255
11579524
14956666
3840617
861154
3046829
1681277
20265284
1576877
6561370
5401728
3119307
22774484
8183862
29039549
32468939
11986462
12602257
6424089
26888780
15137527
12840788
20832928
13630535
13523048
29278608
20406088
14896832
18807551
1405936
15569468
20408405
7158416
14080227
15696306
12364704
9835771
7244821
6776478
3674553
6575538
29447223
28134830
14620082
13907348
806639
4929706
6093223
6904263
32061999
10093126
21009042
7215223
3518453
5159921
5168550
33085522
8226399
9157454
15387507
14991088
20060700
13178477
7491732
20296193
6412495
15902529
26577842
1624350
7052006
7049959
13588067
16669927
3914245
30387245
13744373
20293860
8318803
8539353
19703831
1992887
6660674
11289777
7979525
1926842
14957224
7313770
3122315
29767563
8155758
22403238
3711713
3590652
20263202
10833348
30037385
8045088
26354356
27181707
936610
1226684
5994862
1664829
25128138
15976876
20029256
13954111
24354588
32794454
32227123
14079718
6844823
4776686
6793537
16153252
3047013
7386227
5124636
21017486
20281428
4226112
18715635
12980279
9780280
18146972
20286936
9382307
425040
6850380
16452342
7205166
6417445
305915
7179150
18085159
521376
9507774
7094847
4006936
8074600
19783640
4399688
2253436
14558267
12213046
1476301
5974298
19445738
5469931
18561838
17591139
24689118
13115818
13103162
6461967
3172608
28085910
13410859
8493027
21833708
17011149
32731898
1543200
8354919
13658847
11347553
2043013
2205885
13525619
16898288
16506088
3179537
7010534
20291574
985981
15751920
29252957
6785362
11674971
6558404
13306857
31176034
13528569
1758396
33830102
15455988
12812708
2053264
8493631
20991473
4309219
21226319
3150211
16163417
20878457
4424475
6017452
13180942
13354843
23398603
30115828
604205
2896723
13365546
9785929
6511627
18934901
22856222
4939205
4729656
19073866
2077281
3952013
630341
17620533
24544769
2077373
2407620
28812547
14910884
8452152
33108212
6854981
3331558
7264495
11414124
5092106
14618637
21977789
3277496
3702294
2763249
7712928
3896749
8869352
7839256
7968038
21536614
863329
23523447
18857145
20344344
877708
15640964
4042699
7968037
21890766
21176483
20185079
10983929
22768473
7170782
13123265
31894069
7293054
33851210
6809860
14814787
2349508
6573775
24000709
20676594
1801665
28415997
17443040
26886878
24252790
20935033
3094663
9868691
10816031
4763115
19697594
14361268
5376122
808801
8324127
14989816
22932209
17040657
3310768
6230794
8996036
4756451
6006494
14268916
4468532
5406221
620936
16648944
11344698
7344801
860414
23264361
15519482
12642918
16477555
22338890
6643230
24710342
23268967
4605568
8254905
8361868
5992436
2286431
7305651
22726289
11734171
21909436
18180901
10065681
5497004
19299299
10088427
14145171
24541829
5606731
6586450
24599973
2386333
2690552
4306124
6398894
6521044
32505254
1867764
16242495
20254138
12695276
29901573
25192701
14096406
14214858
30390742
31787563
14825763
26305720
20561364
13178475
10223163
9406562
12764497
425248
22135971
898059
14790544
13652274
8629071
10491448
670447
12030737
26616412
2093972
11592510
26047743
7145566
15293080
3753344
33166548
14478034
13347705
22333702
19808633
2607830
23438068
9392755
8341377
5746743
16271668
31341062
2112244
20996154
30390753
5518606
3577026
7027634
10436586
7331262
1013884
8497738
2607582
12690966
6271719
355879
17905217
7665758
5140115
13062697
5286264
24090102
15930880
7236041
18143684
15889358
9742335
3314194
25849061
22718207
9157458
20279321
24874404
31010867
11292126
2366512
23425298
28146077
8231382
10147912
2677797
14989733
24498104
19071255
24094390
7444825
34431277
5033288
12493813
7300941
30270004
13054105
20266970
7594672
8249422
20281188
10628279
3937144
29155483
19815106
4755474
6802047
28694251
22305177
671816
5709449
18033831
26875453
16703574
16163435
11300629
29496787
13310293
20069918
28758325
6681072
30161321
7976871
12784178
14422499
1537899
20382801
28562556
4397850
15552540
8533375
8731269
32495100
15639470
20426928
451732
17607980
5096589
7924383
3232641
9798478
5200077
12792302
20406062
11203089
3292693
34004078
3438997
33292914
3585216
7279533
3138015
1088325
21655259
20000172
28534218
8170737
8107695
1926554
30682029
24836893
17417182
31205100
27889723
9112056
4747340
4862164
2718130
2396771
5975321
16170727
8096016
18718097
8020276
13038145
12736187
24453422
15379037
3330747
3786927
29051525
6397034
18324941
6416992
23319234
1855371
33268423
8146507
33544008
24365450
13913385
5200089
8128719
5480062
20617213
26486047
6878088
33113481
9686095
1736784
20209853
22498759
21545936
25511195
23743541
13164818
5690456
22989823
6371052
7831537
6779260
13714041
13805929
3939695
9363144
27377674
24779150
15415875
432029
5381147
2034620
26862631
24484563
23722529
15515688
4198683
25278016
8855629
23155821
6843876
8894714
21456360
15615246
20334851
676004
26196384
20699525
3366679
26616414
23546492
6702123
17308212
14684220
29207431
13342535
13137631
18793603
7933529
33932544
13013770
7898212
354561
1750261
15103415
13382146
20244699
5610550
4353979
31088519
20931256
6342741
3554128
7588090
8478532
11059252
3610332
635474
13086448
20493666
8922805
9397379
33206669
295101
19796894
6557454
26084846
6018706
24524510
20447893
29158271
22975166
11202398
9583110
24626238
4595103
21524206
8121778
14902638
13773044
24450138
25568518
33158773
20437001
6606979
15540550
4705068
14202566
13335726
11680110
32814568
27618923
15456616
12545593
15911454
23637929
27156263
653058
3117942
5756289
31619219
2925360
1735280
14930775
20293861
11680112
7018323
20287088
20873189
18079308
3200810
7156553
850668
7244201
4662321
21920919
14815785
8447337
2041837
10860449
21880587
28221200
1612630
1855374
22801102
1307132
31241140
9883161
14482678
13132389
28951197
14383009
10549000
20987482
26474321
2093971
6980483
13136557
8139439
11293848
10336375
33704394
21980266
8823975
21683553
2160717
9356004
16891098
9739645
8222564
16378770
12630717
29343795
10476085
4986936
24656758
18896355
5069992
6004347
33655440
33050729
14009656
6608117
21793780
3354169
13156145
9559797
1950984
522891
24747458
25938525
17920996
18261426
26177124
17331923
11871016
7164368
4771682
936301
2023401
27837008
21647935
18109919
8126901
2691990
18142332
18104319
21273232
796527
6330708
6019229
7853823
4421066
20263063
3360329
21025290
951245
9436960
13452072
32918437
16306057
7141290
4068297
3106470
1411324
11940401
4466894
30996210
19105795
13117824
32602267
26875458
5712751
25858238
14919793
18873018
18862494
25148424
13200312
1998231
4888992
7222238
8644958
15385753
2417027
25634924
20639820
11103356
5115525
29608015
16190479
8822057
847577
6009848
12518411
11586000
5617465
28864385