33442016
32679589
32850602
33187528
32661794
32265180
32921216
33307513
33010669
33435929
32889701
33157278
33236131
33308664
32378801
32971147
33269805
33053381
33038433
32703064
33206207
33288230
33126180
33305456
33024307
32868092
33486333
33278517
32492193
33130203
32853038
33193418
32512530
33003103
33193377
32561113
32449789
33022781
32889088
33251158
33287245
33246480
33227285
33288947
33136431
32358960
33069815
32582617
32944809
33022076
33160064
33332056
33428981
33222515
33132005
33428706
33194800
33414470
33193427
33303302
33428900
33486200
33010461
33185582
33210477
33170317
32822577
33353565
32612974
33424848
33244462
33121920
33306459
32827582
32385842
33134384
32991879
32992245
33464917
32437003
33130202
32888706
32432725
33482248
33097844
33413740
33293238
32734518
33034824
33188367
32919879
32875944
32475877
33267752
33280595
34024060
32792167
33261606
33351802
33226885
33617700
33064571
32992409
34324964
33811458
33877122
34207756
33829393
33414554
33060841
33682604
33348368
33543668
33989898
34696528
34258904
33058394
33868239
33531805
33975005
33948037
33318035
33795584
32458475
33208076
34059436
33852809
33428034
32931361
34213514
33868280
33833211
34162043
33390836
33338624
33058837
33775065
33807592
33234101
34571861
34356617
32811667
33193337
32522617
33349108
32991900
33600673
32942955
33148064
33802995
33851612
33788668
34219180
34056843
33904434
33843611
33558131
34156698
33950300
34257426
33031898
33147503
32619190
33818412
33288314
34490732
33622932
34288409
33735717
33903964
32882081
33664170
33633106
33654014
33506952
34486708
33689569
33572857
33129791
34031865
33858291
33582654
32624360
33618150
33073312
34659259
33428993
33957057
33642821
34333286
32379456
34399199
34731465
33785249
33441091
33573430
33572274
33386081
34174806
33907524
32475881
33148005
34507116
33917183
33075512
33196418
34632844
32763440
33989051
33592734
34099495
34382558
34259961
33930707
34144277
33744401
32236594
33581748
33855651
33402434
33189453
33037643
33443283
34303849
33587232
32779765
33744904
34187968
32980462
34108440
33491180
33576451
33049366
34018094
33582450
32275072
34225580
33878202
32938545
33666147
33105071
32631657
33991549
33853972
34075014
34562885
34545716
33131453
34024354
32906146
34324823
33865879
33691145
33264276
33857904
32842909
33458761
32835901
34449545
34209828
33196120
33931664
33160066
33729423
32863355
33854229
32715315
33508281
33314627
33426872
34195882
34181630
33386649
33807839
34321643
33434671
34280378
34139969
34195811
34448730
33824128
34556015
33637486
33561753
33272175
33829430
34587176
33876664
33531107
34404225
32964834
34603280
34323931
33627767
33310371
34244150
33400642
33914720
33617183
33789884
34478454
34075247
33961002
33851434
33792257
33125162
34148535
33613574
34710076
33576273
33719167
33971264
33623168
34012016
33537895
33972584
33777024
33533893
34211026
34281262
34048576
33053605
34354278
33412501
33998955
34413294
33910507
33193385
33533705
34193749
34592415
33258925
33901246
33610241
33774176
32860461
33891554
33569598
33779588
33439990
33529945
33267587
33402019
34291285
33308658
33486116
33555211
32909635
33557097
34556735
33581714
33148006
33356930
33907801
33799660
34264910
33985969
33524639
33649773
33067676
34196409
32957894
34247016
33432321
33361715
34024159
34530086
33275493
32614684
33571544
34546604
33829462
32867008
33519200
33272178
33914594
33136473
34731469
33779135
34578287
32558961
33002620
33596214
33931423
33371846
34535791
34072390
34279520
33593674
34305894
33934887
32978802
33596401
33592692
33677567
33595881
34125824
33896688
33759741
33804989
33704945
34369836
34487767
34118360
33895475
33760212
33371667
33877121
33547323
34175613
33009914
33395304
33034798
34289741
33550050
33774628
34488003
33925388
33143875
34280026
33371898
33530467
32462705
33525651
33691216
33867834
32970870
33676931
33622465
33769683
34413221
34041821
34149046
33758241
33600302
33573324
34058265
33662418
33951227
32920017
33550043
34454402
34227076
34060079
33758205
34339772
33737154
34140830
33638671
34418270
34171458
33059091
34445406
33640332
33802857
33808867
34508064
33596144
34562770
33721758
33548551
34363850
33781659
33630820
33731936
33834961
33861950
33964171
33624754
34445669
34414910
34612693
34049240
34021840
34728747
34271187
34061786
34106201
34493762
34409594
34454972
34184973
34481060
33890314
34578371
33963523
34518554
34650062
34325753
33802899
34407759
33576464
34378966
33818415
34151392
33525998
33580259
33830935
33491822
34560289
34461941
32357209
33639125
33551490
33990523
34496165
33272571
33508618
33737214
33767480
32966744
33253764
34325754
32935910
34411078
33035589
33400058
32391310
33513449
34415818
32513613
33087255
32654634
33538342
33627674
33877892
32892262
34253822
33275540
33427300
33762818
33231027
34066932
33750742
33356638
33914724
33349165
33671091
33180742
32740890
34286599
34677329
32890414
34385110
34656540
33543178
33801257
33913555
33522107
33271151
34254626
34433805
33250175
33794238
34253798
33764478
32828865
34302455
33435892
33100211
34200621
33057582
33836204
33239378
33582075
33819902
33037572
33479325
34202259
33592108
33402522
33098289
33259880
34445368
33273115
32718560
33303323
34163462
33191880
33756172
32311142
33226581
33029696
33927556
32975110
33297885
34047290
34022375
33734625
33164560
33432212
33556871
33038452
33130198
32540345
33494237
33235651
32598557
33818465
34546709
33153824
33799900
33713994
34065871
34092779
34353886
32956927
32833548
34207305
33239802
34053269
34725982
34556753
33421734
34455767
33137330
34055991
33384436
34138956
33308453
33978164
33139015
33810168
33129420
33399215
32356908
33915212
33419930
34232425
33976409
33489469
33410425
33043367
34156926
33673614
33269910
33416095
34689348
33810324
32779326
32468695
33073355
32847728
34710978
32420637
34315369
32909891
34696534
33550780
32845145
33735836
33512610
33741734
33622934
33844696
33223506
33454391
32652813
33359440
34051244
34345038
33254571
33912309
33754539
33325821
34419772
34250864
33780777
33319627
33846321
33545077
34192736
34111060
34302215
33830966
34366663
33332034
33836314
33613542
34171343
33978563
32578486
33027600
32894654
34452324
33011280
33425828
33290272
33393116
33338894
34107824
33558204
33388089
32743723
34711813
34556131
33455451
33108587
33927376
32838270
33199670
33705239
32222993
34234059
33623596
33595397
33858836
33199178
33775925
33667241
34322607
33550049
33605978
33309698
33183102
33903299
34158795
33980687
34166421
32886331
33626259
33256385
33835386
33239376
34359926
33463080
32693436
32526093
33246294
33896316
34207046
32974949
33620031
33567179
33441450
33497877
33544784
34373192
34478463
33713504
33900695
33535989
33634060
33085084
34067381
32842817
34432819
33175565
33361805
33480287
33334735
33075533
33214503
33332288
33031049
33567359
33706702
33630825
33838638
32809158
33407110
33536475
34224330
33810356
34271860
33643932
33483864
33247469
33368788
33660204
33518623
33743799
34003869
33502620
33636175
33398067
34473809
33142431
33623151
33524158
33234439
33586912
32425326
33733267
34719343
33396557
34348019
33692574
32227494
33068757
32621628
33075527
33410223
34302469
34338121
34153235
33098359
33106939
33069846
33735264
34359986
34280038
33845947
34121934
34050945
33990831
34419084
33980836
34185796
33907506
32539650
32401345
33976001
33665704
32392333
32798071
33789885
33528761
33802729
32970923
33480246
34009649
33264005
33486202
34578394
33245775
33620453
33879586
33805449
33731328
32598499
33152084
32970352
33797004
34063160
34354142
34463108
33382936
34452375
34161880
33254579
32919880
34603758
34392709
33834573
33399089
34193418
34037469
34463165
33236440
32935333
32593519
33605735
33361716
33687847
33110240
34431705
33739335
34352360
33301493
33238813
33671652
33835432
33544511
33491759
34651776
33525440
33649511
32636116
33494667
32634799
32870239
33301459
33605306
33692022
32936732
33321195
33264412
34261488
34364098
33230819
33794837
34171231
34043614
33739917
32940180
33216364
33393854
33362278
33090532
33503045
33098427
33357238
33250476
33690946
34332377
34059561
34301275
32533556
33151781
34651888
33189776
33882090
33104300
34331847
33276717
33255326
34379690
32729180
33797392
33922257
33264212
33309251
33011520
32660402
33539853
34258902
33245685
32856943
33864052
33723416
33193331
33506254
33746095
33415083
34143832
33465451
34671153
33284779
33607939
34255796
32425996
32856712
34464385
33685466
33078604
33166392
32544615
32807688
33759236
33533501
33412960
34578269
32974267
33525985
33736946
33739215
33417829
33610778
34206794
34020832
34178236
34185310
33221168
34094622
34083456
34003413
32513617
34314723
33234420
33359065
34172960
33549572
33761582
33347812
33771732
32826529
33227341
34735425
33130275
34446699
33602138
33993054
33907508
34100115
34168345
33503337
33147072
33592554
34616404
33276148
33243116
33777042
34286502
33639071
34073492
33295073
33428154
32631944
32864735
33281048
32736007
33945583
34452349
33915112
34100340
32940090
33963317
33112023
33831494
33785911
34224944
33885426
34090610
33637820
33435774
34752312
33577445
33939621
33618823
33058787
33771662
33492637
33153403
32815036
32864784
33408023
33191813
33078903
33320858
33370566
33619321
34232801
34048775
33580132
32654267
33891713
34341531
33599303
34414888
33895472
33361672
33306986
33270225
33465486
33230987
33589764
33596266
33065209
32462703
32988333
34314031
32807512
34116392
32950981
32484958
33388232
33770098
33333251
34379644
32944988
32750108
34512643
33618765
34143776
33493263
33334802
33623556
33711743
33332057
33542115
33256807
34425781
34112877
32745645
34352721
33573530
33626040
33717166
34499626
33762613
32710652
34342767
33710177
33974898
33795524
33007452
34155413
33404385
33583765
33571280
32877014
32767920
32915657
33576834
33855951
33135085
34313294
32611985
33274459
34351418
33170789
34297389
33237878
33639193
33439359
33538037
33715846
34329473
34255374
34067128
33629747
33119960
33317745
34644333
34516812
34105286
33856292
33759572
33776018
32985959
33399484
33368687
33849358
33263120
33693926
33593483
33303345
34185787
33926110
34372506
33383557
34695853
33496842
34439781
34074219
34305949
34375313
33252045
33115641
33012091
34623659
33502471
33181332
33711289
33538240
33371468
33810391
34126316
33907209
33802155
33280421
33256750
34165328
33015748
34140704
34584534
33107839
33571147
33214356
33165308
32808156
33781798
33904952
33735881
32946854
34059823
34369712
34088907
34472366
34124934
32788312
34034252
33588448
33516798
34062392
34654808
33999721
32981112
33226280
33157300
34118895
34252616
34146731
33397292
34171342
33835146
33385574
33828271
33460733
33726557
34011278
33849546
33390179
33560916
33134387
33686557
33887440
32536457
34582483
32750215
33638525
33458993
33550151
34546605
34525095
33405237
33045429
34374298
33479261
34294722
32794366
33011088
33907522
32741663
33541867
32694043
33656011
34638897
33381929
33400039
33278013
34416823
33567247
33737753
33452927
34645883
33809949
33593827
34473791
34139198
33795260
33303307
33496436
33147627
34115532
32593144
33216381
33164230
33528945
33412235
33279995
33902160
33877966
33441410
32867652
34546607
33318685
33414206
34681624
33250079
32977117
33492978
33896582
33717181
34068970
33977663
33275404
33553089
32902339
34047966
33242452
33237815
33819714
33538144
34538868
34578326
32723229
33010442
33948002
33404586
33228974
32487511
34029990
33690662
32500944
33492852
33295640
32880974
33277105
33239380
33448740
33190093
32978337
33575961
32190908
34419671
33109047
34154324
33491541
33355053
33967616
34471255
34048776
33910707
33846172
34279767
33082093
33504923
33744623
33631932
33382348
34226733
34023935
33711694
34646278
33130519
33512495
32888822
33735088
34053252
33984043
32924062
33368386
34234060
32918932
33314137
33357281
33278609
32880957
32696396
34092181
33845717
33444408
33320050
32854985
33574017
33472732
33597166
33580217
33437064
32789466
33333506
33125946
34174523
33610247
33497610
33049279
33558713
33735872
32805440
33740028
33214725
34077435
33578505
33942847
33641858
33956332
33482181
34265238
34130773
34089508
33899542
33288938
33145867
32617987
34437579
33594850
33497556
33781868
33917481
33308254
34698006
33074996
33461019
33923271
33002209
33326994
34186371
33190302
33571758
34097716
32445579
33813796
34588460
33039922
32652898
33857716
33185688
33530620
32740766
33362758
34299045
32880118
33356860
33324406
34126900
33463534
34593555
32732153
33496233
33184055
34038423
33389257
32741930
33499798
33761203
33394052
34584599
33693723
32546315
33985964
34557180
33208074
33629970
33355522
34573410
33097915
32694044
33866350
33606480
33450319
33677109
33594967
33786919
33506970
33422546
33513487
34400545
33571558
34580601
34246735
34379700
33143316
33616920
33618668
33596363
33361764
33441085
33566215
34327118
33571745
32900597
33119539
32413890
33462211
33361754
32226823
34520644
33552376
32901936
33987982
33559409
33151290
33795722
33727066
34073401
32166128
33647375
32526370
33131799
34496881
33079613
33986351
34261902
32603505
33502567
33602259
34403446
33444084
34638859
34580441
33035201
34099788
32369827
33919936
32682684
33976004
33789752
33543709
33742793
33033963
34053351
33124149
32845733
34085882
34200386
33324574
33421580
33583003
33889259
33795237
33984473
32855261
33945284
33892403
34418419
34016757
34379888
33121319
33542081
34370626
33678561
33453449
34226622
33878201
33476304
32990399
32534042
33186686
32198190
33234296
33807521
34135260
33011281
33875890
33780853
33116249
33550034
34615730
33660918
33175722
34353482
33486074
33246302
33108306
32987177
34015984
34251989
33693516
33152446
33481684
34097570
32222995
33194802
33596268
33210953
33590900
33125301
34171139
32840399
34493367
34138909
33210552
34580279
33798606
33236484
33298759
34186336
33140243
34455029
33253054
34452723
34153058
33393853
34200112
34355574
33248689
33807769
33518290
33738989
34152577
32700247
34196781
34372527
34091213
34043800
33237991
33515256
33754989
33342313
34098950
33290567
33389499
33547886
34621365
33934980
33736792
32992014
34019466
33446136
32954746
33979689
33421735
33348379
32890817
34062916
33282076
32574291
33230278
34580250
33600346
34460863
33150674
33111312
34147688
33812856
34578334
34604979
34413220
34201797
33650420
33831583
33822964
33045970
33404925
33130435
33454728
34360684
33848535
33125907
33008960
33434673
33435865
34038715
33720797
33638618
33800954
33951659
32867666
33270005
33621185
34304141
32460350
34060150
34556620
33301993
33150723
34132013
34555117
33826068
32750187
33863868
33353960
33907517
33683189
33173180
32965508
33755688
33073910
33744846
34170552
33539241
34470091
33851732
33080582
34171232
33716331
32793981
33737495
33328588
33359141
33196798
33610926
33245774
33397236
32900666
34006043
32828701
34594302
34198800
33705721
33391502
33920748
34135261
34417582
34092715
33051359
34205487
33377885
32921283
34044152
33035337
34717656
33557908
34358472
33799842
32936047
33771993
33510247
33922195
32894803
34296352
33161824
33040064
33181329
33261845
34372498
33635067
33463975
33612147
33371848
33373502
34117216
33560914
33486067
33891875
33359375
34273438
33534829
33147623
33215503
33118327
33487534
34046903
33339110
33908222
34582497
32356926
33918318
33972582
34259552
34298269
34108284
33465325
33595525
33963298
33986354
34256408
33252776
33255569
33036864
34489607
33607159
34359931
34108700
33867845
32938527
33900697
33055191
32552318
33769251
33809963
33904788
33568494
33227287
33704191
33245943
34579537
33882442
34535175
33228410
32852182
33388272
33900692
32919180
33375308
34363852
33071044
33338863
32991251
33176367
33761416
33916205
34345045
33260035
33098357
33545157
34062285
34369565
33651004
33164554
33675361
34009691
33836368
33569660
34356077
34110959
34242805
33309308
33238848
34554548
33468332
34650148
33759005
33972607
33573850
34072254
34019020
33378322
33640363
34596095
34336725
34006330
32626934
32818578
33539890
32363391
33497350
34346827
33883710
33358285
34285711
33539530
33642436
33533223
33264393
32959752
33279630
32962864
32492197
34138938
33166390
34438358
34062874
33023459
32935831
33841435
33704183
32860962
33296902
33434891
34456224
33583576
33514423
34580492
33619344
34001248
32415905
33666783
32748331
34360866
32639581
32522067
32871085
33817867
34053255
33522901
33893279
33408019
33944543
34280380
33423918
33416890
34343348
33881667
33485437
32974926
33381923
34677305
32959219
33746948
34651916
33213999
33045727
32883594
32966857
33743212
34436248
33303190
33355542
33803811
33025500
33710356
33723711
33248057
32643788
33723446
33622890
32898242
33722414
34710058
33436105
33308772
33171544
33637516
33711981
33383190
33666285
33535971
32521039
33651707
34075248
33661076
33465066
34045524
33229457
33200417
33806104
33606410
33859233
33248159
33930607
33390828
33976534
33039612
33049594
34716349
34340969
33650305
33165007
33951370
33974628
34453941
34578345
33713597
34475034
32364677
33444546
33522893
33800626
32674622
33007454
34038444
34644312
33621145
33787511
33439681
33846767
34490832
34145227
33623101
32453494
33684258
34385425
34010333
34408751
33932317
33501645
33244196
32961440
32574308
33145830
32762516
33592214
32682342
34367135
34728671
32944840
33769947
32889532
33226078
34558497
33758017
33744490
33410308
34339917
33206322
32337591
34116915
33305832
34077467
34727801
33823089
34530790
34071726
33893501
33470072
34673601
33320086
32492196
33004659
34166410
33716059
33411065
33742018
33285298
33667722
34530382
33549565
33227512
34255300
34413211
34066231
33596123
34015983
33770097
34031465
33165486
34362259
33770348
33353446
32359180
33641271
33313035
34601388
33763088
32867651
32788073
33826276
33934534
34015585
34185312
32741544
32891922
33514888
32875426
33335328
32526746
33491915
33529569
33358322
34346755
33515985
32947136
32808446
33623105
33118846
33465036
33075530
33510489
34184210
33945546
34174479
32977019
33481956
34564742
33463917
33181783
33907511
34403043
33411935
33645226
32804279
32473390
33822042
33848293
34154912
34477236
33373059
33215941
34608186
34061288
33469026
34287634
33872650
33952113
33222451
33297703
34274751
34174190
33927237
33289157
34133438
32858554
33583167
33355083
33290205
34385613
33494661
33161409
33146420
33618013
33945929
33427125
33229227
32959978
33785499
33818470
33590976
32362045
33508082
33039607
32807535
33264669
32992013
33851875
33883231
33389366
33451855
34138945
33755419
33465561
33352802
32339344
33267577
33896002
34432845
33464757
34208136
33582488
33720066
33194952
33469239
34146892
34494512
33563050
33128197
33824579
33308774
33471199
33095660
33515320
33129043
33309815
32981130
33253058
33416946
33269398
34604978
34696495
33759735
33433784
34435559
33886645
33938901
33418105
34198106
33441314
33560305
33035150
33369852
34067349
34270523
33478447
34464944
33387448
33479534
32882501
33865882
34207490
34224752
33529156
33105341
34164371
34145550
33458853
32531085
33226959
32467007
34057871
33849359
34448786
33437062
33753013
33727674
34015627
33800932
33760817
33505145
34582477
33773128
34412993
33636986
34514963
33058839
33579647
34728759
33905618
32472679
34516558
33309323
34004284
34253768
32305937
34518622
33358057
34578458
33707257
33362199
34372541
34578456
33370404
33382930
33622935
33707753
33255253
33737402
33412826
33197879
33606656
34376689
33125771
33225958
33127745
34176797
32987033
34602443
34554270
33404354
33139420
33983916
34526170
33767597
34049092
33065264
32780149
34420993
33417839
34190045
33007476
33872330
32948465
33349346
33439160
34346709
33464439
33227343
33656857
33792473
33130278
33567746
33977496
33974565
33951060
33785204
32779742
34111179
33169943
33853488
33271170
34372603
33325750
34016043
33931941
32803688
33138663
33662012
34184982
34081331
32901940
33241526
34091704
34650222
34714886
33219646
33509789
33577929
33602258
33984489
32860787
33904240
33408030
34652144
33302034
33661875
33513400
33807908
33857397
33124797
33658595
34454656
34412732
33739675
34063463
31950516
34388532
33367655
34053266
34185777
33480368
33200716
32940192
33325938
33125396
34328578
33148977
33334287
34622077
33900279
33108303
33655850
33217030
33715611
34399091
34082475
33198594
33782041
34329627
33527852
33863887
32865300
32713131
33374759
33934300
34252365
33888698
34380170
33466589
34227079
32559324
32810370
33806704
34183243
34550107
33571677
33314153
34714255
33907516
32994127
34359932
33511611
34452499
34230969
33987804
33199084
34569939
33890267
33966960
34320471
34602868
33602838
33757803
33444511
34138871
34156923
33734600
33332042
33666206
33360781
33339539
33279989
33563992
33384683
32574292
34237419
33960807
34347838
33269948
32931622
33400975
32894436
33899643
33809971
33135788
33690234
33338507
33688056
32881628
34012108
33972366
33472369
33656003
33113040
33590936
33464914
33358936
34002379
34002401
33571876
33475170
32767684
32386433
33392670
33214421
34089357
33390239
34677325
34438338
33945699
33329607
32570163
34319972
32817204
33675407
34174177
32426319
32956787
33846599
33993682
33878507
33144403
34107459
34667321
33743368
33544317
33462852
33387941
33214148
33639103
33620985
34053263
33456655
33308153
32851931
33793464
33337843
32965656
33691146
33664395
34015049
34452507
32808643
33856949
32995970
33261978
34244323
33476809
33596245
32948871
32818948
33206566
34602580
33958796
33446889
32410112
34261775
33579547
32918747
34256402
32875819
33841442
33349261
33995424
34154988
33902077
33277935
34452319
32362005
34169830
33906156
34493842
33032921
33771988
34735426
33508163
33828291
34176827
33464546
32552642
34650119
32845042
33931090
34452372
33215999
33180938
33789256
34108722
33311951
33495603
33769912
33840632
34011266
33742096
33721697
33914758
34561514
34289384
33150973
33220455
34471261
32990100
32779280
33402524
33942592
33832550
33257051
33075539
33305790
33264102
33079625
33031143
32829962
34574709
33179934
33504984
33249484
34107025
34499631
33152411
33333002
34596523
33345626
32794270
34043887
34039597
33571273
34285313
34042191
34650153
33735928
34609368
33460555
34152219
34186367
33895815
33914429
34287901
33425831
33301953
34088957
32448039
34168074
33205595
32963115
32985922
34145263
33588209
32845568
33130151
32609390
32479246
33746183
33416888
33087037
34206057
33793885
34121359
34394212
33314910
33372846
33781387
33896791
33292746
34698067
33311438
33907920
32975487
33291720
33539187
34521428
34178914
34568273
33838614
33440674
33537970
33920604
34066205
32895964
33658326
34344916
33765075
33247187
33581501
33739360
32942296
33450406
34110974
33508225
33577488
33362793
32997638
33634830
34075234
33357391
33900696
33256718
34132421
33404363
33759009
34359922
34354189
33558296
34064039
33571296
34578407
34378961
33220345
33434662
32926977
34452415
34465921
32816200
33573538
33584720
33765012
33661862
33287945
33481743
34115563
32949030
32896604
34051888
34228437
33128509
33507218
33166584
33159953
33243836
33417752
33290827
34118236
34237771
33542537
33725430
32557011
34487766
33684054
34040044
33054373
34615381
33526974
33592834
32316029
33541486
32860259
33918595
33335243
33548227
34493851
34638545
34201415
33339938
32344425
33561453
33444357
34437525
34622758
34432854
34176436
33639126
33214362
33326364
33833298
34464393
34020435
34497347
34109900
32902903
33315903
34181102
32915650
33486212
34635707
33635546
33780268
33914428
34478081
32820693
33242519
34029710
34681944
34015363
33183494
32925543
34256404
33989091
33285286
33616976
32959455
33315619
33642432
32888287
32964796
34563884
32997543
33877545
33827141
33232832
33303188
33665971
34058986
32767548
34387193
32966223
33010584
34307679
32741425
33357843
33676823
33593370
33448909
32660401
33355186
33983970
34060771
33754515
33021087
33950788
32589296
33850275
33535238
33194826
33551448
34452390
33606562
33035675
33080031
34539649
34207378
33436939
33253226
33141332
34674770
33666107
32798300
32627205
32976593
33739444
33172935
33793462
33225360
33583712
33372339
34562400
33844636
33118037
33555395
33798607
33535237
33380359
33422265
33374195
33975397
33824130
34419496
32996267
34058493
34116917
34292445
33893710
33690145
33333472
34074255
32542735
32390403
33655751
33524687
33822921
33369210
33396519
33518427
33521931
33402521
33591082
33089452
32841689
33252301
34112058
33341210
33938470
32941927
33523046
34343344
33812944
33649798
33798101
33369281
33925779
33525411
33333028
32325462
33294111
34033165
33682800
34730224
33626074
34242802
33497372
33084407
33655825
33818402
33745411
33325306
32938349
32472935
34029626
34227364
33756229
34362557
33469649
32497298
33213845
32689813
34047168
33612125
34001499
33322863
34627498
33860516
33637076
34218010
32158961
33348220
33661755
33629345
34375342
33349626
32319647
33604654
33926786
33141679
33787349
33587028
33397529
33439679
34398500
33280621
33259955
33414196
33569606
34477053
32396623
33486674
33539736
33156805
34088418
33837989
32794375
34003372
34457203
32656175
33907239
34223865
34216547
34562844
33610347
33187884
33356661
33823090
33595644
33254502
34189948
34083454
33750477
33749743
34516858
33466921
34143823
34648640
34090821
34734574
32358895
33507895
34595136
34063964
33748806
34060769
34591896
34548661
32378743
33582904
33402520
33622475
33555346
33693754
34695851
34586723
33322168
34020394
33515664
34034765
33541485
32470164
34080487
33313696
34155970
34458372
32888175
34728670
34067983
34347990
32920868
34241709
33508293
34088793
33039609
34103090
34484241
33550140
33906484
33559395
33058776
34167582
33612185
33581746
33534949
33918325
33666717
34239118
34323287
34066524
33567087
32847818
33336811
33323550
33652653
32421877
33560998
33844733
34400739
33324572
34599200
33736798
34424260
33119535
32910359
34618868
33438054
33459118
33504319
33831468
34069206
32682575
34016491
34170086
34090272
34281182
33434105
33683342
33408775
33419577
34691074
32654244
33523608
33772002
33848785
34287916
33972448
33308974
33429060
34328284
34493700
33193407
33939524
34270458
34087261
33463059
34281966
33520910
33988482
33925492
33449891
33605197
33891519
33249445
34170525
33571234
34105996
34111203
32857112
33627564
34151620
33782619
32497413
33616332
32500942
33607117
34267238
33230986
33561673
33156807
33797123
33912196
34109148
33491508
33169426
33188432
33609783
34108286
33359061
33505149
33275187
34002395
33803400
33404382
33604795
34696444
33763734
33144023
34375715
33892930
34704695
32933845
32996710
34384825
34014785
34031580
32628591
34111061
33705368
34437519
33886573
32881007
33692785
34724178
33903074
34332306
33279103
34437746
33302684
33215727
34353475
33322035
33942351
33486055
33790440
33538145
33380695
33140084
34184073
33253865
33558139
33730461
33239382
34002620
33326744
33710597
34568272
33556129
33177481
33227501
33070181
34019021
33068260
33111195
34269175
33819492
33882014
34285709
33579792
32558697
34256409
33755218
33558479
34590451
33656709
33379073
33352330
33913788
34016525
33006605
33307968
32937193
33166988
34347756
33301014
33667185
32347683
34207220
33913431
33971084
34316063
33371153
33918447
33391281
34018828
33570039
32945590
33234144
33288935
33404091
34706766
33443320
34025658
33245754
33497369
34129979
33288887
33682812
34139335
34453943
33684975
33137284
33829429
33128389
32883116
33874829
32686577
34618799
34651577
33479129
33676349
33596304
33356621
33877539
33625490
34385197
32757088
32441232
33805832
33004208
34049688
33151894
33289787
34197461
33879846
34376129
33817994
33231780
32940635
33764553
33512011
34019452
33007342
33506252
32915656
34711888
32975714
34011495
32948440
33556127
33740184
34319869
32577905
33401205
32530522
33510004
33791841
32482542
33434661
34238584
33976427
33781945
33549714
33543958
33291722
33826651
33888147
33070389
33739287
34391037
33186121
33292923
32844526
33742054
33372425
33762308
33645763
33094537
33063141
33206195
32396101
33993372
34248221
32829047
32951347
32558288
32882309
32891938
33199021
33584070
33214360
34461964
33836121
32241316
33788302
34140166
33221759
33815415
33545393
34075562
34375047
34509350
33753892
34310606
32844512
34391075
33802569
34140839
33359063
33347790
32979360
33895786
33658502
33514939
33410626
33605250
34062575
34095308
33125442
34303538
34053265
32885539
33508515
33239231
34027650
34161776
34207362
33251590
33603008
34346748
33608850
33961768
34518918
33590923
33941061
32729433
34096013
34553878
34111831
33475977
33605423
33890259
33224913
33580783
33592341
33650426
32521068
33664087
34265632
34543292
33662015
33622025
33710296
33871721
34186344
33969504
32557271
32497766
33753932
34473305
33817971
34464430
33508323
34211038
33541738
34302822
33287943
33390608
33713961
33236431
34138946
33730041
34517856
34106098
34320400
33839711
33825700
32935872
34408749
33544324
32741731
33094833
33915590
33610252
33730395
34315928
33836621
34146608
33774315
34265018
34336189
34337751
33952579
33737135
33156551
34174193
33248030
33810926
33580111
33419187
33408029
33554522
34096051
34372552
33125914
33910124
33830208
33961259
33915216
34473686
33739351
34112203
33064144
33357392
32869865
33825619
33402047
33243086
33710343
33052811
33350283
33254245
32905655
33054978
33174605
34239265
33115678
33404977
34076953
33085120
33739254
33856682
33663969
34082085
34220706
32696443
33573173
33151897
34487554
33955114
34246566
34601658
33653711
34064279
33419436
33430309
33401035
33910120
34483601
34231857
34062573
33315546
33047969
33045427
32956179
33111578
34020482
34047474
33139866
33564189
33687925
33817685
32470160
32880914
34053264
33009982
34198321
33181785
34144715
34168138
33542020
34232921
33594843
34112629
32878733
33980943
33705696
34691068
34048568
34159397
34437517
32644223
34133996
33918914
33906157
34578363
32852518
32542934
33674807
34677884
34604568
34108280
33334842
33554485
33630977
34529645
32356760
33363098
33857214
33530768
33420786
34376550
33190321
33208693
33437464
33352173
33311579
33020636
33415739
33177674
34587192
33551487
34161019
32984234
33328409
34555009
33264489
33468620
33995364
33592322
33412812
33764951
33691035
34449825
32979865
33090645
33906462
34473687
33753180
32356761
33605875
34053262
33571107
34108242
33340595
32619434
33626568
33319370
33478889
34217144
34106090
33002516
34052441
32927968
33348292
34426096
33726574
33630053
34074177
34661252
33132333
34111590
33531462
33220444
34382559
33204713
33686143
33112757
34737740
32706393
34242243
33915459
33622147
34310530
34002090
33735290
33109497
34159360
32372742
32705942
32813286
34728592
33783652
33467206
32856432
33674340
32651900
34461032
32659364
34479281
32603509
34189897
33656293
33534156
33371832
33867315
32750685
34169437
33035666
33216694
32725955
32950636
34252108
34551971
33569857
33819166
32333487
34557181
34100563
33641562
34138906
34319510
34066560
33571105
33190802
34465917
34266850
34524196
32901393
33574041
33037393
33784877
34086221
33434886
34113015
33284134
33387692
33121875
33571005
34227110
34083759
33757278
33956838
33482326
33035673
34147290
32469137
33554684
33513376
33743226
33785527
33822324
34002978
33247247
33496249
33785349
33253656
33357725
33337934
33261716
33106646
34073529
32902193
33323796
33995679
33260135
32916688
33839300
34378949
33301987
34110466
32776515
33098610
34534444
34294751
33397587
33651717
33180773
33194776
32733842
33820904
33660834
33949212
34747358
33789886
33544010
33391292
33934592
33393790
33309104
34044979
34002619
33413329
34015535
34348928
33866349
33339696
33484632
33189872
34244421
34328683
33872068
34079100
33368088
33150683
33725751
34397776
33067873
33433350
33725003
33323526
33254513
33739601
33533060
33069762
34446327
33003194
33034398
33350913
33733394
33418532
33146928
34143810
34483019
34645859
33227514
32306042
32990948
33526033
33093657
33914826
32880078
34286486
34499689
33316285
33692457
33116300
34578341
34422745
34622080
33319602
33242581
34415422
33450356
33288635
33362233
33750739
33023910
33606828
33034169
34215435
33511518
33214147
33907507
33481428
33958601
34110078
34053253
33194992
33397585
33993680
33646828
34127757
32693224
33293722
34263394
33303831
33976444
32797634
33829461
33278160
33558085
33815663
33605822
33234675
32402531
33951640
34251592
33589399
34015982
33362782
34646269
34521866
33995341
33940605
33415765
34284707
33485824
34711149
33807470
32568026
34315899
34680966
33378702
32827313
33298935
34287031
32459832
33719967
33025046
33999833
32852576
33584679
34213312
33452195
33357239
34491367
34360686
34287136
34267263
33237122
33860542
33666905
33625752
33600883
34743681
34724888
33556151
33095516
34158531
34434913
33316395
33402220
33554511
32701194
33707248
33257204
33395380
33536183
32524708
33308795
33216734
33380622
33271804
34556464
34622759
32916686
33236269
32833506
34057398
33785477
32555539
33607351
34087174
33835930
33735911
32936467
33290420
33010495
33760851
33246499
34475214
34068374
33359951
33367731
33299085
33112947
33124709
34648242
34455731
34427155
33390829
32807561
33548195
33622145
32984911
33368358
33124543
34368349
33570181
34716263
33579889
34473529
34088785
34182727
34097986
33468390
34281000
33476761
32865701
33973203
33883747
33400584
34299201
34629809
34556681
34119679
34283945
34270449
33386744
34163106
34154921
34252782
33455920
33647832
34236922
32716073
33886605
33308781
34174375
33929695
33362283
32668831
33421440
33590764
33608217
33949163
33203811
33960839
33225565
33544506
34162869
32722864
33622024
32894820
33581803
34118242
33120236
32840002
34407994
33657878
33910211
33536218
34696482
32553188
34155594
33481900
32463179
32703010
34559260
34118359
34046663
33254782
34605988
33361755
34385216
33105142
34008266
33607302
33556653
33403490
33666220
33613573
34558135
33351828
33531686
33649174
33270539
33662570
33980601
33875751
33501700
32460440
34263736
34042186
33914685
34370235
34230179
33574030
33548683
33308775
34507024
34431792
33596026
33577728
33689685
33631123
33818411
33686810
33907521
33640475
33822179
33823602
34533706
33098286
33493067
33352320
33021051
33054436
33551491
33921886
34298434
34018412
32875330
32603515
32718292
34629858
34016708
33620014
34472441
33482149
32876938
33641151
34096048
33674879
33754916
33395363
32752936
34185762
34716433
34606320
33863845
33193414
34006471
33125064
34170788
34432408
34087339
34173942
34477051
32822756
32389131
34158770
33503446
33763494
34644024
34570805
33998428
33295064
34746028
32665047
33543800
32412101
33320975
34388398
33131360
32991819
34022737
34677342
33842979
33152702
33984050
34276652
33755950
34424542
34182721
33661955
33210587
33351801
34629805
34339563
34157050
33239633
34324570
32845538
33705496
34471260
34002888
33650416
33123577
33687450
34545719
32285947
34235592
34215639
33546810
33186229
34139399
33308782
33773633
34479017
33661989
33128872
34053258
34528901
33064288
33045553
33623147
33390088
34118455
32888278
32854109
32383183
34334627
33913877
33930019
33455573
34422033
33069621
33853140
33657128
33662099
33739744
33511381
34449020
33006256
33507662
32772627
32508193
34176923
33670360
33373644
33500574
33479724
34284319
33631222
33735929
32980319
33727663
33412367
33595856
34440945
34037783
34312464
33744863
34268989
33991934
33641268
33157287
34577814
32409832
32557347
33524288
33390260
32524740
32534109
33987923
33335284
33876615
34003112
33086029
33682137
34320025
34223786
33850691
32613637
34599253
33577115
34000237
33277884
32362506
34048518
33135055
33525437
33570847
34237648
33430659
33675191
33400575
32653152
33306333
33616905
33168723
32266381
33480390
33450031
33359614
33410517
34114939
34187928
34003184
33098835
34118186
33387306
32804597
33928515
33165959
33295922
33252294
33844730
33422990
33789839
33872807
33443121
33631234
33912167
33980969
34006960
33929022
34492174
33506951
33514761
33625681
33526866
33335073
33152271
33306138
34116205
33476315
33794556
34237554
33430799
33990684
33819603
34452497
33676597
32789802
34388385
34618801
33852627
33051104
34230510
33092689
33074449
33240836
34230655
33851808
33840107
33200686
33057894
34269405
32540223
34399188
33332624
33257599
33287732
33550771
33973194
32741545
33650428
33383888
34375361
33837323
33814379
34321226
33479399
33290969
33509109
34116573
33649323
33501974
34131407
33640939
33512721
33827059
33556142
32448041
33895311
34383734
32779810
33166256
33400682
33740016
34492712
33838626
33921010
33277465
33072695
33275999
33282072
32413892
34159203
33658220
33759740
33108313
33527308
32895900
32808303
33106134
33927287
34042182
34394299
34242573
33416462
32221519
33208926
34212231
32972123
34469082
34162780
33592762
32512122
33626382
34215363
33783505
33818593
34150692
33531606
33956667
34379684
32949449
33690207
34156929
34236543
32808850
34275332
33218685
32275074
34362936
33174637
32998524
33543353
34239109
33661926
33661144
34302866
33582372
33640878
32735642
33692025
33599163
33704173
34464419
33524881
33980718
33036950
33493327
32882184
33545551
34461631
33710663
34178231
32525575
33571675
33586189
34624664
34433821
33011076
33283491
33734078
34205262
32710693
34167832
34459792
34178722
34108285
33071103
33773621
33363049
33179220
34010974
33506396
33894278
33674185
33006879
33656722
33174617
33720384
34661893
34090983
33044199
33503339
33653968
33247902
33099545
33928791
33992763
32779878
33126109
33926623
33205830
32800783
33901991
33878139
33519802
33534839
33188395
32374452
33337790
34431323
33608248
34508342
33025521
32426864
33825875
33303218
34135895
33436062
34016275
33498725
33705367
33774907
34565046
33509629
34391171
34724598
33448236
33002781
33598718
34446892
33790053
33569984
33998533
34239155
33479538
33124029
32951446
34686790
34228740
33452508
34083306
33946649
33737737
34486747
32928903
34092732
34029634
33673823
33401960
33824358
33757133
33989167
33043455
32668062
33505041
33837673
33632967
33206128
34007129
33723411
34353476
34199223
32959400
33128605
34019446
34241783
32484509
33682814
33682807
32666482
34398427
33714379
33547430
34252379
33378122
33270908
33303483
33807869
33334804
32807047
34607456
33319304
34016276
33112394
32782056
33738508
34390282
33121412
32702678
34324023
33177276
33557278
34102319
33200379
32426896
33200374
33853975
32940203
33567246
33423567
33338635
34032703
34105198
33724401
34074832
33796478
34167485
34444175
33840105
32409250
32743901
33388249
32386448
33661929
32455475
33548200
33875138
33309682
33248817
33034901
33373609
34034982
34002556
33734621
33098532
34695855
34090962
34475597
33657288
34187918
33851749
32232986
33994028
33749174
34608258
34343221
33025386
34047471
33051304
32957889
34618796
34516092
33918060
34074163
33536312
33334776
33661859
34171991
34391506
33261226
33846223
34228363
33426602
33823179
34465431
34398242
33047989
32394897
34106964
33472734
33631072
34002405
33377900
34461036
33193350
34535740
34181691
34473802
32943474
33886062
33283492
33193384
34022903
33623157
34162623
33323384
33374492
32583171
32777362
33377937
34072646
33945492
34273080
33562193
33594727
32921099
32421258
33064671
33077488
33770187
33127335
34578450
33839185
34372553
33485430
34399380
34591849
34048935
33277927
33329586
34312441
33676232
33279819
34278986
34187650
33748807
34170553
34648641
32819712
33755238
33998352
33774023
34463906
34148049
33887917
34376589
33437199
33618036
33327980
34079039
33274731
33571301
33497392
33090493
34033650
33141011
34184663
33392109
32780893
33825844
34018969
34290716
34087340
33715012
34033836
34104243
33412163
33757410
34472776
33451092
33227700
34563952
34019232
33221408
32618705
33514781
33515663
34022793
34429544
34404945
33934161
33966804
33357609
33190827
32932252
34389615
34106196
33319312
34321219
34303085
33517749
34201591
33718282
34218846
33622148
33458811
34265243
32767703
33269391
33713490
33822878
33156158
33946306
33913803
33022567
32396601
33497053
33498225
33857216
34075212
32969710
34413343
33262739
33420601
33820438
33980858
33790236
33876625
34028864
33480414
33238106
33063271
33091582
34463644
33939527
34083194
33302921
34525110
33926206
33295321
33221119
34508652
34302963
33912161
33038435
33411322
33617253
33875719
33931305
33504092
33119425
34258900
33973191
34224946
33531472
34214416
33892550
33333559
34047654
33814381
33282062
34070524
33035643
33594794
32932152
33617459
33915155
34053256
34330988
34559480
34410279
33627357
33840851
33929003
33534857
34531591
33313645
33832783
34106957
33958444
33436436
33930292
34427013
33857058
34215906
34755940
33036956
34246341
33430050
33246269
33125435
33900614
32920752
33941085
34077667
32994064
34044598
34230530
34230663
34740233
33762708
33290293
32510799
34023511
33450867
33651648
33534800
33194955
33443334
34316026
32362288
34190669
33385796
32785885
34213847
32474987
34081722
33566873
33926459
33514502
33649495
33857208
33818421
33357633
33750783
33686779
32293711
33383997
33477951
33966962
33001004
33298400
33544016
33166999
32935536
33094324
33785865
33818802
34373458
34670346
34161018
32383182
33766711
33835886
33159569
33422083
32830154
33875141
33678621
33523333
33276297
33070986
33617458
34670262
33485182
33822773
33983953
33911823
34610015
33743711
32737681
33057203
33647466
33248719
33126110
33667962
34562898
33184063
34302450
33298508
34553521
33231313
34452373
32521191
33711842
34081709
33894826
33446353
34234065
34053857
33872387
34521213
34380721
33311629
33345391
33473130
34274369
34208484
32772895
33306409
33165237
33822853
34077487
33261418
34303698
33832497
34639178
33179534
34127574
32846454
34152371
33685115
34097523
32339041
34185758
33306140
33720988
33971580
32330305
33236823
33615484
34364511
34002864
33541124
33590906
33607122
33785478
33064816
34013600
33389724
34338184
33417755
34648552
33332553
33947332
34599113
33988464
32433097
34040326
33387940
33576827
33205222
34327188
34328283
33818614
33007474
33308799
34216205
33576498
33064139
33342283
33688850
33824382
32805024
33831411
34115612
34234167
34018562
34073716
34133883
32639215
34321247
34162603
32843200
33533178
34044299
33280586
34606503
32662832
33478743
33798363
33497482
33725218
33440086
33393988
33792892
33190092
33882019
34226440
33950358
33316346
33782963
34385527
33159236
33310701
34374735
33921378
33741335
34283001
34565697
33835184
34330945
33405498
33971608
32648547
34214259
34712037
33764885
34206274
33253924
33202150
33481583
34054793
34236752
33254432
34707756
33179038
34452355
34592838
33137805
33103442
33963016
33750596
34635305
34734751
33558111
33753777
33351826
32452545
33743213
33303623
34158571
33011728
33200648
32848264
34300139
34644287
33001237
33721869
34645929
33019838
33262955
34075245
32778874
34218245
33638014
34413302
33495880
32458400
34390597
34010299
32873908
34157110
34470775
34127837
33730984
33913561
34232536
32987381
33734528
34304074
32986604
33261717
33243134
33847347
34328802
34112906
33073919
32651959
34319784
33448742
33417835
33086096
33739238
33834881
34244543
32870380
33089511
33653694
33635935
32866717
34275492
33098998
33465426
34449057
33712341
34185919
33677807
34160997
34279842
34174875
34083352
33512415
32553190
34289645
33460190
33904782
33789211
32886525
33388153
33772179
33542519
33323604
33158784
33940003
32585074
34015204
33097835
34591897
34598853
33629949
33973207
33524977
33502589
34236264
33658619
33752388
33531701
32311094
32789960
34009992
34406796
34545191
33373988
34513735
33499797
34089668
33091573
33734500
34656213
34675173
32980807
34029750
33958050
34045757
33308776
34619994
33275211
32860790
33900929
32948484
34351874
34521876
33158911
34310509
33306094
34280534
32304276
33931304
33334781
33034020
33021927
33780504
33334397
32483886
33738639
33330341
33581688
34119846
32558055
32690600
33733497
33640912
34530459
34142671
32790191
33845649
32951300
33627333
33684560
34303433
34117202
34463043
33308665
33674708
32498751
33288313
33491498
33875749
33370263
34323933
33115682
33574010
33421351
33290476
32516015
34347785
32920970
32428291
33830018
34138950
33258339
34176095
32799575
33095970
34105201
33930690
33068723
34190509
33336593
33070680
33912911
33731238
34288921
33974652
34614392
34157321
32270882
33683164
33369593
32959109
34051878
33939622
33130199
33823529
34706878
34326978
32978828
34183705
34488333
34228411
33643982
34311976
32954602
34723355
33402523
33672005
34368070
32903841
34152690
33296987
34021763
32511679
34563863
33723852
34053268
33359936
33565817
34053271
34614322
34463672
34036448
34230027
33392774
34609093
34432319
34369968
34078704
33865696
32814959
34352612
32410285
33720792
33373994
34360824
33461215
34385164
34391446
34242919
33966929
33242475
34040615
33291346
34046123
33835998
34454352
33084843
34223886
34090701
33049331
33493707
34130040
34472800
34246363
34146069
32813050
33549712
33532855
34121708
34188082
34303431
33818612
34106540
34111123
34596057
33887107
33185784
33711274
33755376
32810867
34053261
34578324
33567566
34497434
34717766
32584199
33999837
33724639
33479069
34201172
32805546
34542340
33508136
33596350
32870433
34468163
34418823
33242330
34533807
34478710
34596492
33759844
34024582
33152562
33854220
33212126
33390803
33734960
34286505
33920247
33007478
34519537
33825846
34107760
33487628
33690784
33493437
32697344
33283265
33952300
34514828
34050713
33522220
34742544
33427432
32616120
33674422
33826479